<!--This is a gkds ICore file 9.7.r-->
<!--Charles A.D. BONDJE DOUE-->
<!--igkdev © 2008-2016-->
<!--
<gkds>
  <Project>
    <SurfaceType>2DDrawingSurface</SurfaceType>
    <FileName>D:\wamp\www\igkdev\Lib\igk\Default\R\Symbols\symbols.gkds</FileName>
  </Project>
  <Documents>
    <LayerDocument Id="_001" BackgroundTransparent="True" Width="100" Height="100">
      <Layer Id="Layer_20354125">
        <Circle Radius="46.87217" Center="50;50" Id="Circle_52593450" />
      </Layer>
    </LayerDocument>
    <LayerDocument Id="_002" BackgroundTransparent="True" Width="100" Height="100">
      <Layer Id="Layer_20354125">
        <Circle Radius="13.45362 46.87217" Center="50;50" Id="Circle_52593450" />
      </Layer>
    </LayerDocument>
    <LayerDocument Id="_003" BackgroundTransparent="True" Width="100" Height="100">
      <Layer Id="Layer_20354125">
        <Star FillMode="Alternate" Angle="16.69924" Tension="0" Center="50.29295;53.70821" Count="5" OuterRadius="41.76123" InnerRadius="20.88061" Id="Star_60814766" />
      </Layer>
    </LayerDocument>
    <LayerDocument Id="_004" BackgroundTransparent="True" Width="100" Height="100">
      <Layer Id="Layer_20354125">
        <Path Closed="True" Id="Path_48737334">
          <PointTypes>0;1;1;1;1;1;1;1;1;1;1;161;0;3;3;3;3;3;3;3;3;3;3;3;3;3;3;3;3;3;3;3;3;3;3;3;3;3;3;3;3;3;3;3;3;3;3;3;3;3;3;3;3;3;3;1;1;1;1;1;3;3;3;3;3;3;3;3;3;3;3;3;3;3;3;3;3;3;3;3;3;3;3;3;3;3;3;3;3;3;3;3;3;3;3;3;3;3;3;3;3;163;0;1;1;1;1;1;1;1;1;1;161;0;3;3;3;3;3;3;3;3;3;3;3;3;3;3;3;3;3;3;1;1;1;3;3;3;3;3;131;0;3;3;3;3;3;3;3;3;3;3;3;3;1;1;1;3;3;163;0;1;1;1;1;1;1;1;1;1;1;161;0;1;1;1;1;1;1;1;161</PointTypes>
          <Points>14.3294;78.90123 11.13549;82.17119 9.20581;80.28638 17.50361;71.79102 19.43329;73.67582 16.23938;76.94578 29.16825;89.57397 32.36216;86.30402 34.31757;88.21395 26.01977;96.70932 24.06436;94.79939 27.25827;91.52943 32.88503;61.80828 32.03415;62.01028 31.24416;62.30006 30.51508;62.67762 29.78598;63.05519 29.09957;63.5735 28.45584;64.23256 27.72014;64.98577 27.22446;65.81067 26.96879;66.70725 26.71312;67.60384 26.67844;68.53583 26.86473;69.50322 27.05103;70.47062 27.44721;71.45905 28.05328;72.4685 28.65936;73.47797 29.45554;74.46436 30.44182;75.42771 31.47098;76.43294 32.47783;77.24655 33.46236;77.86854 34.44689;78.49052 35.40256;78.89327 36.32937;79.07678 37.25619;79.2603 38.15087;79.21077 39.01343;78.92818 39.87599;78.6456 40.69987;78.10236 41.48508;77.29845 41.61949;77.16084 41.75593;77.00399 41.89441;76.82791 42.03288;76.65182 42.16492;76.46945 42.29053;76.28079 42.41615;76.09215 42.53002;75.90264 42.63216;75.71229 42.73429;75.52193 42.81622;75.34369 42.87794;75.17754 37.52629;69.95035 34.69316;72.85094 32.80207;71.00383 37.50274;66.19124 46.09626;74.58491 45.96918;75.04101 45.80903;75.49665 45.6158;75.95184 45.42258;76.40702 45.20084;76.8485 44.9506;77.27629 44.70034;77.70407 44.43042;78.10911 44.14082;78.49138 43.85122;78.87366 43.5508;79.22413 43.23954;79.5428 42.29163;80.51328 41.25733;81.21189 40.13667;81.63863 39.01601;82.06536 37.83487;82.20657 36.59322;82.06229 35.35159;81.91799 34.06007;81.47733 32.71869;80.74028 31.3773;80.00324 30.01191;78.95619 28.62254;77.59913 27.24175;76.25045 26.16378;74.87913 25.38862;73.48516 24.61346;72.09119 24.13465;70.7284 23.95217;69.39679 23.76969;68.06518 23.88404;66.78998 24.29521;65.57119 24.70638;64.3524 25.40008;63.24329 26.37629;62.24383 26.9988;61.60649 27.65772;61.06487 28.35303;60.61893 29.04835;60.173 29.8;59.82809 30.60801;59.58421 59.20037;62.7387 56.82351;65.17216 43.38855;62.43008 51.63473;70.48448 49.74597;72.41821 32.93201;55.99527 34.82077;54.06155 42.62954;61.68872 39.90344;48.85786 42.14236;46.56563 44.65596;59.97437 62.61851;42.04739 63.42468;42.83482 64.14527;43.64125 64.78027;44.46669 65.41525;45.29211 65.9369;46.13065 66.34518;46.9823 66.75346;47.83395 67.03666;48.69786 67.19475;49.57403 67.35284;50.45019 67.35455;51.33635 67.19985;52.23249 67.04516;53.12864 66.72196;54.03002 66.23025;54.93664 65.73854;55.84325 65.05057;56.74921 64.16632;57.65452 61.19524;60.69634 44.38128;44.27341 47.95718;40.61235 50.12183;38.39618 52.41186;37.40277 54.82728;37.63214 57.24269;37.86152 59.83977;39.33327 62.61851;42.04739 60.80149;44.24224 59.60937;43.07785 58.50969;42.18772 57.50244;41.57183 56.49517;40.95596 55.55109;40.59282 54.67015;40.48243 53.78923;40.37204 52.95217;40.49555 52.15898;40.85295 51.36578;41.21037 50.58719;41.78016 49.8232;42.56234 48.19972;44.22448 61.10286;56.82754 62.51412;55.38268 65.66912;52.15256 65.09824;48.43907 60.80149;44.24224 82.00341;39.39273 74.11944;47.46442 57.30548;31.04148 65.18945;22.9698 67.11913;24.8546 61.12391;30.99256 66.33405;36.08154 72.09583;30.18257 74.02551;32.06738 68.26373;37.96634 74.05278;43.62076 80.048;37.4828 79.02619;8.803612 91.12887;30.05001 88.58223;32.65728 67.16309;20.94916 69.29591;18.76557 83.62187;26.77211 87.78979;29.14489 85.34085;25.0122 77.0101;10.8677</Points>
        </Path>
      </Layer>
    </LayerDocument>
    <LayerDocument Id="_005" BackgroundTransparent="True" Width="100" Height="100">
      <Layer Id="Layer_20354125">
        <Path Closed="True" Id="Path_50014168">
          <PointTypes>0;1;1;129;0;1;3;3;3;3;3;3;3;3;3;3;3;3;3;3;3;3;3;3;3;3;3;3;3;3;1;1;3;3;3;3;3;3;3;3;3;3;3;3;1;3;3;3;3;3;3;3;3;3;3;3;3;3;3;3;3;3;3;3;3;3;3;3;3;129;0;1;3;3;3;3;3;3;3;3;3;3;3;3;3;3;3;3;3;3;3;3;3;3;3;3;3;3;3;3;3;163</PointTypes>
          <Points>14;23 81;23 81;80 14;80 45.11343;70.71142 45.03336;68.00916 43.93911;69.09007 42.82819;69.87071 41.70058;70.35111 40.57298;70.83151 39.38866;71.07172 38.14762;71.07172 37;71.07172 36.01918;70.92493 35.20517;70.63135 34.39116;70.33777 33.7206;69.9341 33.19349;69.42034 32.66639;68.90658 32.2794;68.30274 32.03252;67.60883 31.78565;66.91492 31.66222;66.16096 31.66222;65.34695 31.66222;63.33193 32.41284;61.75395 33.91409;60.613 35.41534;59.47205 37.63386;58.90158 40.56964;58.90158 44.73311;58.90158 44.73311;57.14011 44.73311;55.95245 44.35279;55.00166 43.59216;54.28773 42.83152;53.5738 41.67056;53.21684 40.10926;53.21684 38.97498;53.21684 37.85738;53.34361 36.75646;53.59716 35.65554;53.8507 34.51793;54.211 33.34362;54.67805 33.34362;51.53544 33.78399;51.37531 34.27439;51.21851 34.81484;51.06504 35.35529;50.91159 35.92577;50.7748 36.52627;50.65471 37.12677;50.5346 37.75396;50.43786 38.40784;50.36446 39.06171;50.29107 39.72227;50.25437 40.38949;50.25437 41.60383;50.25437 42.69808;50.38781 43.67223;50.65471 44.64637;50.92159 45.47039;51.3286 46.14428;51.87572 46.81818;52.42284 47.33528;53.11008 47.69558;53.93744 48.05588;54.7648 48.23603;55.73894 48.23603;56.85987 48.23603;70.71142 44.73311;61.56379 40.30942;61.56379 39.44203;61.56379 38.69474;61.65053 38.06755;61.82401 37.44036;61.99749 36.9266;62.24436 36.52627;62.56463 36.12593;62.8849 35.82902;63.26855 35.63553;63.71559 35.44203;64.16262 35.34529;64.66637 35.34529;65.22684 35.34529;65.61383 35.40533;65.98414 35.52544;66.33777 35.64553;66.6914 35.83903;67.00499 36.10592;67.27856 36.37281;67.55212 36.71976;67.76896 37.14679;67.92909 37.57381;68.08923 38.09424;68.1693 38.70809;68.1693 39.50875;68.1693 40.42619;67.92576 41.46038;67.43869 42.49458;66.95161 43.58548;66.18097 44.73311;65.12676</Points>
        </Path>
      </Layer>
    </LayerDocument>
    <LayerDocument Id="_006" BackgroundTransparent="True" Width="100" Height="100">
      <Layer Id="Layer_20354125">
        <Path Closed="True" Matrix="-0.03446235,0.999406,0,0,-0.999406,-0.03446235,0,0,0,0,1,0,103.6922,3.821743,0,1" Id="Path_48737334">
          <PointTypes>0;1;1;1;1;1;1;1;1;1;1;161;0;3;3;3;3;3;3;3;3;3;3;3;3;3;3;3;3;3;3;3;3;3;3;3;3;3;3;3;3;3;3;3;3;3;3;3;3;3;3;3;3;3;3;1;1;1;1;1;3;3;3;3;3;3;3;3;3;3;3;3;3;3;3;3;3;3;3;3;3;3;3;3;3;3;3;3;3;3;3;3;3;3;3;3;3;3;3;3;3;163;0;1;1;1;1;1;1;1;1;1;161;0;3;3;3;3;3;3;3;3;3;3;3;3;3;3;3;3;3;3;1;1;1;3;3;3;3;3;131;0;3;3;3;3;3;3;3;3;3;3;3;3;1;1;1;3;3;163;0;1;1;1;1;1;1;1;1;1;1;161;0;1;1;1;1;1;1;1;161</PointTypes>
          <Points>14.3294;78.90123 11.13549;82.17119 9.20581;80.28638 17.50361;71.79102 19.43329;73.67582 16.23938;76.94578 29.16825;89.57397 32.36216;86.30402 34.31757;88.21395 26.01977;96.70932 24.06436;94.79939 27.25827;91.52943 32.88503;61.80828 32.03415;62.01028 31.24416;62.30006 30.51508;62.67762 29.78598;63.05519 29.09957;63.5735 28.45584;64.23256 27.72014;64.98577 27.22446;65.81067 26.96879;66.70725 26.71312;67.60384 26.67844;68.53583 26.86473;69.50322 27.05103;70.47062 27.44721;71.45905 28.05328;72.4685 28.65936;73.47797 29.45554;74.46436 30.44182;75.42771 31.47098;76.43294 32.47783;77.24655 33.46236;77.86854 34.44689;78.49052 35.40256;78.89327 36.32937;79.07678 37.25619;79.2603 38.15087;79.21077 39.01343;78.92818 39.87599;78.6456 40.69987;78.10236 41.48508;77.29845 41.61949;77.16084 41.75593;77.00399 41.89441;76.82791 42.03288;76.65182 42.16492;76.46945 42.29053;76.28079 42.41615;76.09215 42.53002;75.90264 42.63216;75.71229 42.73429;75.52193 42.81622;75.34369 42.87794;75.17754 37.52629;69.95035 34.69316;72.85094 32.80207;71.00383 37.50274;66.19124 46.09626;74.58491 45.96918;75.04101 45.80903;75.49665 45.6158;75.95184 45.42258;76.40702 45.20084;76.8485 44.9506;77.27629 44.70034;77.70407 44.43042;78.10911 44.14082;78.49138 43.85122;78.87366 43.5508;79.22413 43.23954;79.5428 42.29163;80.51328 41.25733;81.21189 40.13667;81.63863 39.01601;82.06536 37.83487;82.20657 36.59322;82.06229 35.35159;81.91799 34.06007;81.47733 32.71869;80.74028 31.3773;80.00324 30.01191;78.95619 28.62254;77.59913 27.24175;76.25045 26.16378;74.87913 25.38862;73.48516 24.61346;72.09119 24.13465;70.7284 23.95217;69.39679 23.76969;68.06518 23.88404;66.78998 24.29521;65.57119 24.70638;64.3524 25.40008;63.24329 26.37629;62.24383 26.9988;61.60649 27.65772;61.06487 28.35303;60.61893 29.04835;60.173 29.8;59.82809 30.60801;59.58421 59.20037;62.7387 56.82351;65.17216 43.38855;62.43008 51.63473;70.48448 49.74597;72.41821 32.93201;55.99527 34.82077;54.06155 42.62954;61.68872 39.90344;48.85786 42.14236;46.56563 44.65596;59.97437 62.61851;42.04739 63.42468;42.83482 64.14527;43.64125 64.78027;44.46669 65.41525;45.29211 65.9369;46.13065 66.34518;46.9823 66.75346;47.83395 67.03666;48.69786 67.19475;49.57403 67.35284;50.45019 67.35455;51.33635 67.19985;52.23249 67.04516;53.12864 66.72196;54.03002 66.23025;54.93664 65.73854;55.84325 65.05057;56.74921 64.16632;57.65452 61.19524;60.69634 44.38128;44.27341 47.95718;40.61235 50.12183;38.39618 52.41186;37.40277 54.82728;37.63214 57.24269;37.86152 59.83977;39.33327 62.61851;42.04739 60.80149;44.24224 59.60937;43.07785 58.50969;42.18772 57.50244;41.57183 56.49517;40.95596 55.55109;40.59282 54.67015;40.48243 53.78923;40.37204 52.95217;40.49555 52.15898;40.85295 51.36578;41.21037 50.58719;41.78016 49.8232;42.56234 48.19972;44.22448 61.10286;56.82754 62.51412;55.38268 65.66912;52.15256 65.09824;48.43907 60.80149;44.24224 82.00341;39.39273 74.11944;47.46442 57.30548;31.04148 65.18945;22.9698 67.11913;24.8546 61.12391;30.99256 66.33405;36.08154 72.09583;30.18257 74.02551;32.06738 68.26373;37.96634 74.05278;43.62076 80.048;37.4828 79.02619;8.803612 91.12887;30.05001 88.58223;32.65728 67.16309;20.94916 69.29591;18.76557 83.62187;26.77211 87.78979;29.14489 85.34085;25.0122 77.0101;10.8677</Points>
        </Path>
      </Layer>
    </LayerDocument>
    <LayerDocument Id="_007" BackgroundTransparent="True" Width="100" Height="100">
      <Layer Id="Layer_20354125">
        <Polygon Count="5" Angle="53.88066" Radius="45.80393" Center="50;52" Id="Polygon_48705484" />
      </Layer>
    </LayerDocument>
    <LayerDocument Id="_008" BackgroundTransparent="True" Width="100" Height="100">
      <Layer Id="Layer_20354125">
        <Polygon Count="5" Radius="45.80393" Center="50;52" Id="Polygon_48705484" />
      </Layer>
    </LayerDocument>
    <LayerDocument Id="_009" BackgroundTransparent="True" Width="100" Height="100">
      <Layer Id="Layer_20354125">
        <Polygon Count="9" Angle="30" Radius="45.80393" Center="50;52" Id="Polygon_48705484" />
      </Layer>
    </LayerDocument>
    <LayerDocument Id="_00a" BackgroundTransparent="True" Width="100" Height="100">
      <Layer Id="Layer_20354125">
        <Polygon Count="9" Angle="30" Radius="45.80393" Center="50;52" Id="Polygon_48705484" />
      </Layer>
    </LayerDocument>
    <LayerDocument Id="_00b" BackgroundTransparent="True" Width="100" Height="100">
      <Layer Id="Layer_20354125">
        <Polygon Count="3" Angle="30" Radius="45.80393" Center="50;52" Id="Polygon_48705484" />
      </Layer>
    </LayerDocument>
    <LayerDocument Id="_00c" BackgroundTransparent="True" Width="100" Height="100">
      <Layer Id="Layer_20354125">
        <Path Closed="True" Id="Path_47033265">
          <PointTypes>0;3;3;3;1;3;3;3;1;3;3;3;1;3;3;131;0;3;3;3;3;3;3;3;3;3;3;3;131;0;1;1;129</PointTypes>
          <Points>16;8.999999 16;6.238576 18.23858;4 21;4 81;4 83.76142;4 86;6.238576 86;9 86;91 86;93.76142 83.76142;96 81;96 21;96 18.23857;96 16;93.76142 16;91 56.65685;86 56.65685;89.1242 54.1242;91.65685 51;91.65685 47.8758;91.65685 45.34315;89.1242 45.34315;86 45.34315;82.8758 47.8758;80.34315 51;80.34315 54.1242;80.34315 56.65685;82.8758 56.65685;86 22;10 80;10 80;40 22;77</Points>
        </Path>
      </Layer>
    </LayerDocument>
    <LayerDocument Id="_00d" BackgroundTransparent="True" Width="100" Height="100">
      <Layer Id="Layer_20354125">
        <Path Closed="True" Id="Path_13014970">
          <PointTypes>0;1;1;1;1;1;1;161;0;3;3;3;3;3;3;1;3;3;3;3;3;3;3;3;3;3;3;3;3;3;3;3;3;3;1;3;3;3;3;3;3;3;3;3;3;3;3;3;3;3;3;3;3;3;3;3;3;3;3;3;3;3;3;3;3;3;3;3;3;3;3;3;3;3;3;3;131;0;3;3;3;3;3;3;3;3;3;3;3;3;3;3;3;3;3;3;3;3;3;3;3;163;0;1;1;1;1;1;1;1;1;1;1;161;0;3;3;3;3;3;3;3;3;3;3;3;3;1;1;1;1;1;1;1;1;1;1;1;3;3;3;3;3;3;3;3;3;3;3;163</PointTypes>
          <Points>33.08257;38.37614 25.98165;38.37614 25.98165;59.56881 22.6789;59.56881 22.6789;38.37614 15.57798;38.37614 15.57798;35.58715 33.08257;35.58715 53.15596;49.38532 53.15596;49.83792 53.14984;50.21712 53.13761;50.52293 53.12538;50.82874 53.10703;51.11621 53.08257;51.38532 40.14679;51.38532 40.14679;53.26911 40.67278;54.71559 41.72477;55.72477 42.77676;56.73394 44.29358;57.23853 46.27523;57.23853 46.81345;57.23853 47.35168;57.21712 47.8899;57.17431 48.42813;57.1315 48.94801;57.07339 49.44954;57 49.95107;56.9266 50.43119;56.84403 50.8899;56.75229 51.34862;56.66055 51.7737;56.55963 52.16513;56.44954 52.16513;59.07339 51.29663;59.31804 50.31498;59.51682 49.22018;59.66972 48.12538;59.82263 46.99082;59.89908 45.81651;59.89908 44.23853;59.89908 42.88073;59.68501 41.74311;59.25688 40.6055;58.82874 39.67278;58.20795 38.94495;57.39449 38.21712;56.58104 37.67889;55.5841 37.33027;54.40367 36.98165;53.22324 36.80733;51.88685 36.80733;50.39449 36.80733;49.09786 36.99388;47.87156 37.36697;46.71559 37.74006;45.55963 38.2844;44.54434 39;43.66972 39.71559;42.7951 40.59327;42.10091 41.63302;41.58715 42.67278;41.07339 43.85321;40.81651 45.17431;40.81651 46.45871;40.81651 47.59632;41.01834 48.58715;41.42202 49.57798;41.82568 50.41284;42.39755 51.09174;43.13761 51.77064;43.87767 52.2844;44.77676 52.63302;45.83486 52.98165;46.89296 53.15596;48.07645 53.15596;49.38532 49.83486;48.9266 49.87156;48.10703 49.79205;47.3578 49.59632;46.6789 49.40061;46 49.09785;45.4159 48.68807;44.9266 48.27828;44.43731 47.76758;44.05504 47.15596;43.77981 46.54434;43.50459 45.83486;43.36697 45.02752;43.36697 44.33027;43.36697 43.69419;43.50153 43.11926;43.77064 42.54434;44.03975 42.04892;44.41896 41.63302;44.90825 41.21712;45.39755 40.88073;45.98471 40.62385;46.66972 40.36697;47.35474 40.20795;48.10703 40.14679;48.9266 74.86238;59.56881 70.62385;59.56881 65.65137;52.54128 60.73394;59.56881 56.6055;59.56881 63.74311;50.3211 56.93578;41.14679 61.02752;41.14679 65.87155;48.22935 70.62385;41.14679 74.5688;41.14679 67.65137;50.39449 93.76146;59.31192 93.03974;59.49541 92.29356;59.62691 91.52293;59.70642 90.75228;59.78593 89.96941;59.82568 89.1743;59.82568 86.86237;59.82568 85.1376;59.30275 83.99998;58.25688 82.86237;57.21101 82.29356;55.6055 82.29356;53.44036 82.29356;43.82568 77.1376;43.82568 77.1376;41.14679 82.29356;41.14679 82.29356;36.08257 85.48623;35.25688 85.48623;41.14679 93.76146;41.14679 93.76146;43.82568 85.48623;43.82568 85.48623;53.18348 85.48623;54.50459 85.83791;55.49235 86.54128;56.14679 87.24464;56.80122 88.28133;57.12844 89.65137;57.12844 90.23852;57.12844 90.88072;57.08257 91.57797;56.99082 92.27522;56.89908 93.00304;56.75535 93.76146;56.55963</Points>
        </Path>
      </Layer>
    </LayerDocument>
    <LayerDocument Id="_00e" BackgroundTransparent="True" Width="100" Height="100">
      <Layer Id="Layer_20354125">
        <Path Closed="True" Id="Path_63037228">
          <PointTypes>0;3;3;3;3;3;3;3;3;3;3;3;131;0;3;3;3;3;3;3;3;3;3;3;3;131</PointTypes>
          <Points>92.77708;49 92.77708;68.75915 76.75915;84.77708 57;84.77708 37.24085;84.77708 21.22291;68.75915 21.22291;49 21.22291;29.24085 37.24085;13.22291 57;13.22291 76.75915;13.22291 92.77708;29.24085 92.77708;49 75.35756;39 75.35756;49.1386 67.1386;57.35756 57;57.35756 46.8614;57.35756 38.64244;49.1386 38.64244;39 38.64244;28.86139 46.8614;20.64244 57;20.64244 67.1386;20.64244 75.35756;28.86139 75.35756;39</Points>
        </Path>
      </Layer>
    </LayerDocument>
    <LayerDocument Id="_00f" BackgroundTransparent="True" Width="100" Height="100">
      <Layer Id="Layer_20354125">
        <Path Closed="True" Id="Path_25009363">
          <PointTypes>0;3;3;3;3;3;3;1;3;3;3;3;3;3;3;3;3;3;3;3;3;3;3;3;3;3;1;3;3;3;3;3;3;3;3;3;3;3;3;3;3;3;3;3;3;3;3;3;3;3;3;3;3;3;3;3;3;3;3;3;3;3;3;3;3;3;3;3;131;0;3;3;3;3;3;3;3;3;3;3;3;3;3;3;3;3;3;3;3;3;3;3;3;163</PointTypes>
          <Points>84.2185;43.45983 84.2185;45.22443 84.19283;46.70288 84.14146;47.89517 84.09012;49.08747 84.01309;50.20823 83.91039;51.25745 29.60513;51.25745 29.60513;58.60199 31.81329;64.24154 36.22961;68.17612 40.64592;72.11069 47.01362;74.07799 55.33273;74.07799 57.59223;74.07799 59.85175;73.99452 62.11125;73.8276 64.37076;73.66068 66.55325;73.43414 68.65869;73.148 70.76414;72.86184 72.77974;72.53992 74.70545;72.18224 76.63117;71.82455 78.41566;71.43108 80.05895;71.00185 80.05895;81.23177 76.41291;82.18559 72.29188;82.96059 67.69583;83.55674 63.09979;84.15289 58.33685;84.45095 53.40701;84.45095 46.78254;84.45095 41.08242;83.61636 36.30663;81.94714 31.53085;80.27792 27.61522;77.85757 24.55975;74.68605 21.50428;71.51455 19.24477;67.62766 17.78122;63.02541 16.31767;58.42315 15.5859;53.21281 15.5859;47.39441 15.5859;42.33907 16.36903;37.55796 17.93528;33.05109 19.50153;28.54422 21.78672;24.5858 24.79084;21.17583 27.79496;17.76587 31.4795;15.05935 35.84446;13.0563 40.20942;11.05324 45.16494;10.05171 50.711;10.05171 56.10302;10.05171 60.87879;10.83862 65.03834;12.41245 69.1979;13.98628 72.70269;16.21587 75.55276;19.10123 78.40282;21.98659 80.55962;25.49195 82.02319;29.61728 83.48672;33.74263 84.2185;38.3568 84.2185;43.45983 70.2763;41.67139 70.43035;38.47604 70.09656;35.55492 69.27493;32.90802 68.45328;30.26111 67.1823;27.98383 65.46201;26.07617 63.7417;24.1685 61.59773;22.67812 59.03011;21.60506 56.46247;20.53199 53.48404;19.99545 50.09478;19.99545 47.16768;19.99545 44.49735;20.52007 42.08379;21.56929 39.67022;22.6185 37.59044;24.09696 35.84446;26.00463 34.09848;27.91229 32.68628;30.2015 31.60788;32.87225 30.52948;35.54299 29.86189;38.47604 29.60513;41.67139</Points>
        </Path>
      </Layer>
    </LayerDocument>
    <LayerDocument Id="LayerDocument_38331592" BackgroundTransparent="True" Width="100" Height="100">
      <Layer Id="Layer_20354125">
        <Path Closed="True" Id="Path_33404332">
          <PointTypes>0;1;1;129;0;3;3;3;3;3;3;3;3;3;3;3;131;0;1;1;129</PointTypes>
          <Points>10;13 90;13 90;84 10;84 61.40176;37 61.40176;30.70298 56.29702;25.59825 50;25.59825 43.70298;25.59825 38.59824;30.70298 38.59824;37 38.59824;43.29702 43.70298;48.40176 50;48.40176 56.29702;48.40176 61.40176;43.29702 61.40176;37 70;25 86;25 86;17 70;17</Points>
        </Path>
      </Layer>
    </LayerDocument>
    <LayerDocument Id="_010" BackgroundTransparent="True" Width="100" Height="100">
      <Layer Id="Layer_20354125">
        <Path Closed="True" Id="Path_26259856">
          <PointTypes>0;1;1;129;0;3;3;3;3;3;3;1;1;1;1;1;1;1;1;1;1;1;3;3;3;3;3;163</PointTypes>
          <Points>9;14 90;14 90;87 9;87 48.67973;31.09924 46.22769;30.63219 43.98971;30.39866 41.96581;30.39866 33.83125;30.39866 29.76397;34.30053 29.76397;42.10425 29.76397;46.94995 20.33528;46.94995 20.33528;51.18265 29.76397;51.18265 29.76397;71.99583 34.93077;71.99583 34.93077;51.18265 47.77481;51.18265 47.77481;46.94995 34.93077;46.94995 34.93077;41.81234 34.93077;37.02502 37.2174;34.63136 41.79066;34.63136 43.71726;34.63136 46.01362;34.91354 48.67973;35.47789</Points>
        </Path>
      </Layer>
    </LayerDocument>
  </Documents>
</gkds>

-->